Time(min)	Blank	Wild type - rep1	Wild type - rep2	Wild type - rep3	Wild type-average	Wild type-error	mRIPK3-F442D-rep1	mRIPK3-F442D-rep2	mRIPK3-F442D-rep3	mRIPK3-F442D-average	error-F442D	mRIPK3-Q449D-rep1	mRIPK3-Q449D-rep2	mRIPK3-Q449D-rep3	mRIPK3-Q449D-average	error-Q449D	mRIPK3-L456D-rep1	mRIPK3-L456D-rep2	mRIPK3-L456D-rep3	mRIPK3-L456D-average	error-L456D							
0	3585	4358	5610	6855	5608 	1249 	3943	3755	4226	3975 	237 	3889	3975	3769	3878 	103 	6182	4140	8047	6123 	1954 							
2	3552	5575	8186	10713	8158 	2569 	4120	3823	4254	4066 	221 	4074	3888	3905	3956 	103 	8287	4738	9087	7371 	2315 							
4	3445	6798	11462	14805	11022 	4022 	4174	3652	4414	4080 	390 	4171	4102	3995	4089 	89 	10565	5676	10316	8852 	2754 							
6	3409	8510	14755	18537	13934 	5064 	4204	3721	4530	4152 	407 	4348	4222	4259	4276 	65 	13212	7131	11322	10555 	3112 							
8	3410	10084	17842	21159	16362 	5684 	4399	3734	4566	4233 	440 	4543	4423	4514	4493 	63 	15272	8668	12251	12064 	3306 							
10	3411	11825	19988	22552	18122 	5602 	4344	3673	4723	4247 	532 	4992	4507	4585	4695 	260 	17158	10810	13383	13784 	3193 							
12	3385	13355	21612	23412	19460 	5363 	4413	3638	4826	4292 	603 	5079	4819	4861	4920 	140 	18860	12703	14113	15225 	3226 							
14	3439	14945	22276	23983	20401 	4802 	4560	3587	4882	4343 	674 	5445	5024	5014	5161 	246 	20186	14392	15188	16589 	3141 							
16	3347	16061	22868	24578	21169 	4506 	4652	3594	4893	4380 	691 	5702	5264	5258	5408 	255 	21733	16222	15868	17941 	3289 							
18	3400	16957	23361	24911	21743 	4217 	4695	3695	4931	4440 	656 	6007	5546	5593	5715 	254 	22735	17935	16663	19111 	3202 							
20	3333	17900	23752	25591	22414 	4016 	4714	3779	4996	4496 	637 	6371	5704	5856	5977 	350 	23692	19394	17305	20130 	3257 							
22	3384	18664	24235	25457	22785 	3621 	4817	3895	5087	4600 	625 	6737	6095	6320	6384 	326 	24589	20574	17851	21005 	3390 							
24	3346	19179	24452	25744	23125 	3478 	4945	4048	5101	4698 	568 	6950	6261	6452	6554 	356 	25538	21790	18837	22055 	3358 							
26	3331	19685	24741	25955	23460 	3325 	5067	4219	5220	4835 	539 	7293	6662	6823	6926 	328 	26233	22797	19293	22774 	3470 							
28	3288	20151	25148	26281	23860 	3262 	5031	4323	5134	4829 	442 	7556	6958	7150	7221 	305 	27113	23736	19880	23576 	3619 							
30	3331	21563	25596	26627	24595 	2676 	5178	4392	5242	4937 	473 	7926	7340	7482	7583 	306 	27691	24892	20633	24405 	3554 							
32	3454	22418	25960	27024	25134 	2412 	5285	4469	5186	4980 	445 	8181	7582	7894	7886 	300 	28585	25764	21149	25166 	3754 							
34	3433	23321	26281	27186	25596 	2022 	5247	4410	5267	4975 	489 	8307	7965	8258	8177 	185 	29404	26752	21545	25900 	3998 							
36	3377	23569	26627	27663	25953 	2129 	5336	4471	5320	5042 	495 	8759	8379	8654	8597 	196 	30087	27338	22440	26622 	3874 							
38	3354	24191	27024	27987	26401 	1973 	5338	4478	5358	5058 	502 	9104	8572	8923	8866 	270 	30657	28321	22705	27228 	4087 							
40	3563	24516	27186	28392	26698 	1984 	5503	4594	5347	5148 	486 	9433	9057	9605	9365 	280 	31346	29308	23560	28071 	4038 							
42	3279	24937	27363	28616	26972 	1870 	5548	4675	5357	5193 	459 	9731	9492	9982	9735 	245 	32286	29845	24310	28814 	4087 							
44	3327	25252	27587	28806	27215 	1806 	5496	4621	5481	5199 	501 	10056	9718	10530	10101 	408 	32879	30409	24656	29315 	4219 							
46	3222	25565	28092	29090	27582 	1817 	5696	4695	5516	5302 	534 	10325	10176	11093	10531 	492 	33556	31108	25556	30073 	4099 							
48	3285	25887	28316	29158	27787 	1698 	5837	4701	5592	5377 	598 	10745	10596	11848	11063 	684 	34160	31890	25957	30669 	4236 							
50	3386	26105	28696	29304	28035 	1699 	5904	4693	5453	5350 	612 	11051	10888	12562	11500 	923 	34519	32617	26557	31231 	4158 							
52	3328	26434	28890	29495	28273 	1621 	6118	4688	5595	5467 	724 	11337	11299	12805	11814 	859 	35472	33462	27512	32149 	4139 							
54	3237	26470	29208	29538	28405 	1684 	6088	4728	5458	5425 	681 	11790	11670	13121	12194 	805 	36133	33642	28087	32621 	4119 							
56	3327	26772	29504	29732	28669 	1647 	6189	4804	5533	5509 	693 	12028	12006	13659	12564 	948 	36983	34652	28589	33408 	4333 							
58	3296	26813	29695	30036	28848 	1771 	6144	4828	5433	5468 	659 	12504	12501	13994	13000 	861 	37371	35491	29119	33994 	4325 							
60	3385	27161	29738	30112	29004 	1607 	6093	4700	5414	5402 	697 	12678	12892	14308	13293 	886 	37681	36744	29638	34688 	4398 							
62	3526						6174	4897	5502	5524 	639 	13142	13329	14638	13703 	815 	38570	37105	30742	35472 	4162 							
64	3540						5996	4916	5462	5458 	540 	13638	13685	14930	14084 	733 	39424	37549	31725	36233 	4015 							
66	3274						6212	4844	5491	5516 	684 	13886	14159	15223	14423 	706 	40144	37965	32402	36837 	3992 							
68	3313						6166	4957	5540	5554 	605 	14204	14675	15518	14799 	666 	40880	38545	33108	37511 	3988 							
70	3248	28209	30040	30782	29677 	1324 	6328	5029	5408	5588 	668 	14442	15135	15746	15108 	652 	41459	39284	33844	38196 	3922 							
72	3349						6369	4997	5542	5636 	691 	14994	15664	15824	15494 	440 	42250	39186	34032	38489 	4153 							
74	3270						6425	4983	5498	5635 	731 	15201	15888	16275	15788 	544 	42603	39514	34876	38998 	3889 							
76	3302						6491	4930	5393	5605 	802 	15568	16223	16445	16079 	456 	43090	40255	35271	39539 	3958 							
78	3271						6535	4957	5498	5663 	802 	15869	16547	16639	16352 	421 	43430	40396	35869	39898 	3805 							
80	3243						6407	5004	5415	5609 	721 	15814	16758	16746	16439 	542 	43979	40434	36396	40270 	3794 							
82	3679						6499	4958	5432	5630 	789 	15925	16769	16896	16530 	528 	44270	41028	37029	40776 	3627 							
84	3429						6490	5040	5558	5696 	735 	16102	16962	17205	16756 	580 	44827	41214	37200	41080 	3815 							
86	3503						6482	4971	5421	5625 	776 	16316	17104	17366	16929 	547 	45333	41742	37841	41639 	3747 							
88	3259						6433	4983	5531	5649 	732 	16392	17343	17627	17121 	647 	45563	42292	38093	41983 	3745 							
90	3378	28719	30193	31041	29984 	1175 	6466	4914	5496	5625 	784 	16382	17395	17478	17085 	610 	46045	42062	38894	42334 	3583 							
92	3274						6399	5031	5440	5623 	702 	16646	17541	17766	17318 	592 	46333	42524	39296	42718 	3522 							
94	3266						6421	4997	5525	5648 	720 	16523	17870	17973	17455 	809 	46729	42711	39455	42965 	3644 							
96	3219						6435	5028	5448	5637 	722 	16703	18201	17965	17623 	805 	47170	43098	40190	43486 	3506 							
98	3298						6394	5041	5481	5639 	690 	16666	17729	18162	17519 	770 	47285	43418	40487	43730 	3410 							
100	3304						6430	5012	5497	5646 	721 	16642	18163	18408	17738 	957 	47727	43676	40822	44075 	3470 							
102	3246						6478	4981	5555	5671 	755 	16712	17960	18404	17692 	877 	48265	43816	41293	44458 	3530 							
104	3195						6473	4975	5491	5646 	761 	16883	18483	18570	17979 	950 	48565	44773	41666	45001 	3455 							
106	3318						6393	4950	5440	5594 	734 	16841	18336	18704	17960 	987 	48887	44679	41991	45186 	3476 							
108	3269						6514	5012	5336	5621 	790 	17076	18574	18830	18160 	947 	49411	44916	42393	45573 	3555 							
110	3281	29241	30421	31274	30312 	1021 	6457	4931	5515	5634 	770 	17234	18571	18880	18228 	875 	49687	45321	42808	45939 	3481 							
112	3259						6329	4983	5457	5590 	683 	17070	18806	19036	18304 	1075 	50099	45681	43131	46304 	3525 							
114	3308						6546	4950	5431	5642 	819 	17250	18729	19193	18391 	1015 	50328	45429	43599	46452 	3479 							
116	3371						6378	5019	5581	5659 	683 	17218	19021	19185	18475 	1091 	50587	46314	43843	46915 	3412 							
118	3239						6352	4899	5418	5556 	736 	17349	19074	19563	18662 	1163 	50969	46352	44026	47116 	3534 							
120	3261						6452	5010	5479	5647 	736 	17262	19150	19723	18712 	1288 	51034	46490	44381	47302 	3400 							
122	3257						6470	4939	5431	5613 	782 	17363	19076	19681	18707 	1202 	51643	46751	44455	47616 	3671 							
124	3387						6556	4911	5556	5674 	829 	17508	19179	19811	18833 	1190 	51833	46830	44757	47807 	3638 							
126	3276						6461	4872	5376	5570 	812 	17428	19416	19811	18885 	1277 	52251	47359	45417	48342 	3522 							
128	3322						6523	4899	5418	5613 	829 	17395	19253	19927	18858 	1311 	52585	47858	45493	48645 	3611 							
130	3238	29229	30574	31574	30459 	1177 	6439	4898	5382	5573 	788 	17698	19336	20162	19065 	1254 	52620	47773	45545	48646 	3617 							
132	3340						6501	4892	5417	5603 	821 	17692	19370	20159	19074 	1260 	53058	47808	46269	49045 	3560 							
134	3261						6531	4950	5387	5623 	816 	17641	19812	20325	19259 	1425 	53300	48058	46137	49165 	3708 							
136	3190						6399	5026	5495	5640 	698 	17734	19682	20648	19355 	1484 	53611	48629	46653	49631 	3586 							
138	3230						6438	4934	5382	5585 	772 	17516	19853	20707	19359 	1652 	53915	48797	46766	49826 	3684 							
140	3326						6462	4944	5384	5597 	781 	17642	19753	20696	19364 	1564 	54221	49157	46841	50073 	3774 							
142	3262						6412	4854	5434	5567 	787 	17907	20012	20799	19573 	1495 	54575	49163	47177	50305 	3829 							
144	3235						6505	4833	5397	5578 	851 	17777	20128	21169	19691 	1738 	54683	49678	47464	50608 	3698 							
146	3273						6405	4926	5360	5564 	760 	17915	20120	21041	19692 	1606 	55042	49988	47742	50924 	3739 							
148	3171						6459	4868	5376	5568 	813 	17872	20116	21472	19820 	1818 	55240	50222	47605	51022 	3880 							
150	3251	29478	30556	31638	30557 	1080 	6335	4903	5433	5557 	724 	17901	20314	21405	19873 	1793 	55537	50080	48191	51269 	3815 							
152	3187						6356	4909	5514	5593 	727 	18036	20370	21449	19952 	1745 	55854	50699	48589	51714 	3737 							
154	3196						6381	4842	5458	5560 	775 	17837	20287	21466	19863 	1851 	55745	50798	48748	51764 	3597 							
156	3181						6379	4808	5347	5511 	798 	17905	20317	21441	19888 	1807 	56642	51127	48878	52216 	3995 							
158	3192						6369	4810	5333	5504 	793 	18281	20466	21555	20101 	1667 	56625	51287	49283	52398 	3795 							
160	3247						6406	4871	5402	5560 	780 	18090	20701	21797	20196 	1904 	56570	51780	49364	52571 	3668 							
162	3195						6403	4731	5429	5521 	840 	18089	20602	21831	20174 	1907 	57033	52013	49303	52783 	3922 							
164	3277						6442	4820	5424	5562 	820 	17952	20647	22020	20206 	2069 	57255	52295	49426	52992 	3961 							
166	3133						6405	4871	5430	5569 	776 	18074	20680	22260	20338 	2114 	57301	52347	49764	53137 	3830 							
168	3167						6495	4728	5286	5503 	903 	18110	20763	22365	20413 	2149 	57598	52920	49742	53420 	3952 							
170	3173	28838	31046	31688	30524 	1495 	6517	4756	5165	5479 	922 	18309	20684	22528	20507 	2115 	57757	52698	50279	53578 	3816 							
172	3143						6504	4754	5084	5447 	930 	18304	20769	22649	20574 	2179 	58110	52980	49904	53665 	4146 							
174	3142						6404	4812	5247	5488 	823 	18177	20860	22630	20556 	2242 	58248	53411	50421	54027 	3950 							
176	3271						6552	4660	5206	5473 	974 	18314	21014	22601	20643 	2167 	58165	53380	50435	53993 	3901 							
178	3263						6415	4906	5178	5500 	804 	18332	21303	23050	20895 	2385 	58625	54000	50630	54418 	4014 							
180	3187						6316	4813	5210	5446 	779 	18196	21018	23021	20745 	2424 	58764	54054	50803	54540 	4003 							
182	3151						6474	4778	5166	5473 	889 	18498	20863	23322	20894 	2412 	59095	54239	51178	54837 	3992 							
184	3218						6423	4694	5170	5429 	893 	18351	21031	23250	20877 	2453 	59166	54689	50975	54943 	4101 							
186	3212						6366	4897	5136	5466 	788 	18315	21135	23306	20919 	2503 	59584	55102	50871	55186 	4357 							
188	3134						6388	4764	5215	5456 	838 	18475	21239	23484	21066 	2509 	59800	55186	51552	55513 	4134 							
190	3097	28986	30332	31315	30211 	1169 	6475	4732	5022	5410 	934 	18589	21292	23796	21226 	2604 	59892	55466	51307	55555 	4293 							
192	3094						6391	4777	5089	5419 	856 	18534	21184	23669	21129 	2568 	59975	55789	51660	55808 	4158 							
194	3125						6482	4665	5221	5456 	931 	18650	21279	24042	21324 	2696 	60487	56116	51885	56163 	4301 							
196	3164						6301	4745	5132	5393 	810 	18648	21335	24002	21328 	2677 	60608	56445	51677	56243 	4469 							
198	3155						6476	4729	5124	5443 	916 	18602	21384	24150	21379 	2774 	60878	56687	51816	56460 	4535 							
200	3219						6298	4653	5056	5336 	857 	18717	21327	24367	21470 	2828 	61085	56778	51973	56612 	4558 							
202	3191						6300	4763	5138	5400 	801 	18573	21292	24166	21344 	2797 	61402	56880	52212	56831 	4595 							
204	3125						6404	4721	5030	5385 	896 	18670	21416	24471	21519 	2902 	61108	57240	52211	56853 	4461 							
206	3202						6331	4627	5056	5338 	886 	18722	21620	24654	21665 	2966 	61365	57695	52617	57226 	4393 							
208	3168						6490	4670	5102	5421 	951 	18769	21648	24791	21736 	3012 	61864	58055	52401	57440 	4761 							
210	3240	29545	30719	31639	30634 	1050 	6484	4719	5096	5433 	930 	18737	21468	25071	21759 	3177 	61673	58077	52655	57468 	4540 							
212	3085						6432	4612	5016	5353 	956 	18889	21489	24982	21787 	3057 	62138	58421	52739	57766 	4734 							
214	3187						6404	4600	5129	5378 	927 	18778	21540	25254	21857 	3250 	62026	58659	52676	57787 	4736 							
216	3104						6467	4686	5111	5421 	930 	18761	21679	25323	21921 	3288 	62359	59090	52772	58074 	4874 							
218	3235						6431	4642	5109	5394 	928 	18949	21675	25730	22118 	3412 	62501	59402	52834	58246 	4936 							
220	3146						6323	4669	5018	5337 	872 	18939	21760	25635	22111 	3362 	62926	60015	52903	58615 	5156 							
222	3087						6339	4632	5041	5337 	891 	18796	21792	25717	22102 	3471 	62966	60069	53024	58686 	5113 							
224	3200						6399	4515	5191	5368 	954 	18922	21596	25838	22119 	3487 	63007	60536	52908	58817 	5264 							
226	3141						6430	4662	5133	5408 	916 	18887	21810	26041	22246 	3597 	63494	60203	53110	58936 	5307 							
228	3153						6310	4619	5100	5343 	871 	18901	21864	26321	22362 	3735 	63491	60792	53402	59228 	5223 							
230		29958	30682	31765	30802 	909 																						
250		30252	30799	31968	31006 	877 																						
290		30944	30959	32072	31325 	647 																						
